epoch,loss,micro_f1,accuracy
1,0.9536061528087838,0.4986728599867286,0.01134089392928619
2,0.7428000752493469,0.5174087000936409,0.01734489659773182
3,0.6773685385742341,0.5332050048123196,0.02134756504336224
4,0.630992842475329,0.5172953241786894,0.02134756504336224
5,0.5924884596091774,0.5489334431932619,0.028018679119412943
6,0.5664068954628468,0.5623729440029569,0.03402268178785857
7,0.5422170934837955,0.5588940092165898,0.042028018679119414
8,0.5173115231180866,0.5762646662819773,0.0533689126084056
9,0.49634189619001906,0.5768769968051118,0.04803202134756504
10,0.48095870426898174,0.5727464924082261,0.040693795863909275
11,0.4607341134013219,0.565358231707317,0.0400266844563042
12,0.4556430855341872,0.5744929797191888,0.05203468979319546
13,0.4135046256292168,0.5808816245666172,0.05470313542361575
14,0.3850927827263519,0.5864323661626482,0.06070713809206137
15,0.3687791712704566,0.5883429966432713,0.061374249499666446
16,0.3580909735120261,0.5918346037381226,0.06871247498332221
17,0.3471378721270167,0.5869162723719399,0.06337558372248166
18,0.341957675540926,0.5905816017542028,0.07271514342895263
19,0.33643981511548227,0.59436913451512,0.07471647765176785
20,0.3284214935601567,0.5940139743456043,0.07204803202134756
21,0.32368142556782975,0.5863335782512858,0.06937958639092728
22,0.3178912411464254,0.5931880685424159,0.07204803202134756
23,0.29984808601923496,0.5896405919661734,0.07271514342895263
24,0.28538211530594376,0.5981885988279169,0.0800533689126084
25,0.2809521154461545,0.5961742826780021,0.07404936624416278
26,0.27810409666385516,0.5973885831444912,0.0800533689126084
27,0.27115739597684063,0.5922718908972833,0.0800533689126084
28,0.2620511798751649,0.5976018148428216,0.08605737158105403
29,0.25541637654098015,0.5977235772357724,0.08072048032021348
30,0.25477284417717017,0.5946528676153514,0.08072048032021348
31,0.24499068517923117,0.598781549173194,0.08739159439626418
32,0.24266404724894583,0.5998693095186234,0.08739159439626418
33,0.2435341474838524,0.6023643796265606,0.08872581721147432
34,0.24340228380749052,0.5978975032851511,0.08205470313542361
35,0.24468515800785742,0.5979472464407902,0.08939292861907938
36,0.243080767147095,0.5974539069359087,0.08405603735823883
37,0.2365045598682138,0.5972880608532687,0.08739159439626418
38,0.23828123238353502,0.6001109262340544,0.09072715143428953
39,0.23839715837461192,0.5984304189234,0.08939292861907938
40,0.233760111158501,0.5993836671802774,0.08539026017344896
41,0.23165891935727553,0.6010454899343788,0.0933955970647098
42,0.23257945068430794,0.5988538681948424,0.08939292861907938
43,0.2328004324471966,0.6013461326271654,0.08872581721147432
