epoch,loss,micro_f1,accuracy
1,1.168976611540422,0.43888206388206386,0.008005336891260841
2,0.948210183843572,0.5414655550680123,0.024683122081387593
3,0.7716056273735573,0.55573681348559,0.030020013342228154
4,0.6569913863300919,0.572937293729373,0.03935957304869913
5,0.5606944091800146,0.6033363300369593,0.059372915276851235
6,0.4740392477730095,0.6060043330238316,0.07071380920613743
7,0.4038362814917707,0.6291543962978544,0.09206137424949967
8,0.3479371878169546,0.6315448558782252,0.10340226817878585
9,0.2987254441819464,0.6414920561823624,0.12541694462975317
10,0.2604302971068665,0.6424619640387276,0.12408272181454302
11,0.22915720445344462,0.6445047489823609,0.12274849899933289
12,0.2014035448246689,0.6460104834012813,0.13475650433622416
13,0.17814898932595177,0.6455651352308964,0.13475650433622416
14,0.15839855231709934,0.651079990505578,0.14142761841227486
15,0.1389652669783301,0.653491124260355,0.13875917278185457
16,0.12476950343360181,0.6538692261547691,0.14543028685790527
17,0.11130579098754564,0.6513157894736842,0.13942628418945963
18,0.10006424761420533,0.6501937984496124,0.1447631754503002
19,0.08917828196199414,0.6475686085700529,0.13942628418945963
20,0.0804913133889654,0.6547172096403052,0.14409606404269512
21,0.07246576901698293,0.6568627450980392,0.14809873248832556
22,0.06573389970619065,0.6520210896309314,0.15076717811874582
23,0.06133727378886615,0.6549563935634443,0.14409606404269512
24,0.05508238227570229,0.6521525215252153,0.15076717811874582
25,0.05052769491261323,0.6539035305818001,0.14609739826551035
26,0.04600369456100757,0.6557296163809054,0.1494329553035357
27,0.042736392283466894,0.6559541604384653,0.1447631754503002
28,0.04002394962231142,0.6539082888032808,0.15210140093395597
